perf sched record sleep 10 
perf sched latency --sort max

-----------------------------------------------------------------------------------------------------------------
  Task                  |   Runtime ms  | Switches | Average delay ms | Maximum delay ms | Maximum delay at       |
 -----------------------------------------------------------------------------------------------------------------
  compiz:3435           |    505.596 ms |      988 | avg:    0.097 ms | max:    8.029 ms | max at:  39064.393116 s
  Xorg:1932             |    277.968 ms |      638 | avg:    0.080 ms | max:    6.256 ms | max at:  39060.713064 s
  nautilus:3449         |      1.062 ms |        5 | avg:    1.183 ms | max:    5.820 ms | max at:  39060.110860 s
  VBoxService:2251      |      1.925 ms |       20 | avg:    0.078 ms | max:    1.000 ms | max at:  39064.165118 s
  compiz:3446           |    201.796 ms |      127 | avg:    0.047 ms | max:    0.780 ms | max at:  39063.727566 s
  ksoftirqd/0:3         |      0.748 ms |       19 | avg:    0.050 ms | max:    0.757 ms | max at:  39058.875765 s
  compiz:3445           |    206.608 ms |       91 | avg:    0.070 ms | max:    0.579 ms | max at:  39063.741352 s
  indicator-datet:3524  |      0.546 ms |        4 | avg:    0.198 ms | max:    0.490 ms | max at:  39065.229230 s
  gnome-terminal:3725   |     53.931 ms |      160 | avg:    0.067 ms | max:    0.464 ms | max at:  39060.635093 s
  upstart-dbus-br:3310  |      0.220 ms |        3 | avg:    0.131 ms | max:    0.332 ms | max at:  39065.229129 s
  indicator-apple:3652  |      3.694 ms |        9 | avg:    0.068 ms | max:    0.265 ms | max at:  39065.229209 s
  rtkit-daemon:2494     |      0.192 ms |        4 | avg:    0.077 ms | max:    0.201 ms | max at:  39066.201036 s
  VBoxService:2246      |      1.013 ms |        7 | avg:    0.047 ms | max:    0.198 ms | max at:  39065.453071 s
  gnome-panel:3440      |     12.513 ms |       96 | avg:    0.018 ms | max:    0.161 ms | max at:  39063.653047 s
  debian-sa1:9768       |      0.643 ms |        2 | avg:    0.114 ms | max:    0.157 ms | max at:  39065.904041 s
  perf:9762             |      0.149 ms |        1 | avg:    0.156 ms | max:    0.156 ms | max at:  39067.249008 s
  VBoxService:2248      |      0.339 ms |        2 | avg:    0.105 ms | max:    0.143 ms | max at:  39060.463249 s
  gnome-panel:3472      |      0.239 ms |        2 | avg:    0.074 ms | max:    0.137 ms | max at:  39061.232143 s
  rcu_sched:7           |      0.950 ms |       30 | avg:    0.025 ms | max:    0.136 ms | max at:  39060.457882 s
  notify-osd:3542       |      0.173 ms |        1 | avg:    0.125 ms | max:    0.125 ms | max at:  39059.514942 s
  indicator-apple:3657  |      0.826 ms |        3 | avg:    0.071 ms | max:    0.101 ms | max at:  39065.229448 s
  cron:9766             |      2.812 ms |        3 | avg:    0.058 ms | max:    0.082 ms | max at:  39065.900751 s
  rsyslogd:1608         |      0.269 ms |        3 | avg:    0.059 ms | max:    0.074 ms | max at:  39065.905076 s
  sh:9767               |      1.089 ms |        3 | avg:    0.052 ms | max:    0.069 ms | max at:  39065.903377 s


perf sched record ./a.out 
perf sched map
perf sched replay
perf timechart
